FSize = 12;
% FSize = 6;
lwidth = 1;
MarkerSize = 1;
MyColor = [228,26,28;
55,126,184;
77,175,74;
152,78,163;
255,127,0;
255,255,51;
166,86,40;
247,129,191]/255;